0 0.000540625 0.22624413125 0.2878375 0.005511737500000001 0.19858125 0.0001408453125 0.0022156249999999997 0.11646478906249999 0.000540625 0.22624413125
0 0.300928125 0.00730046875 0.000540625 0.250840375 0.001025 0.38311737031250004 0.327109375 0.005511737500000001 0.300928125 0.00730046875
0 0.3449625 0.003718309375 0.002028125 0.414037559375 0.0022156249999999997 0.6962957750000001 0.392565625 0.003718309375 0.3449625 0.003718309375
0 0 0.9933708921875001 0.24856562499999998 0.9933708921875001 0.44255000000000005 0.0001408453125 0.40208750000000004 0.0001408453125 0.003515625 0.803042253125 0 0.98480771875 0 0.9933708921875001
0 0.661431296875 1 0.5413281249999999 0.3419530515625 0.50205625 0.127201878125 0.49134374999999997 0.005511737500000001 0.452071875 0.001929578125 0.43065 0.11467605624999999 0.40208750000000004 0.3330093890625 0.3100625 0.9930704218749999 0.63653403125 1 0.661431296875 1
0 0.50798125 0 0.515146875 0.1110985921875 0.6139249999999999 0.544178403125 0.718531378125 1 1 1 1 0.9652184078125 0.9935625 0.8877840375 0.7281718749999999 0.3956431921875 0.6067843749999999 0.159417840625 0.56631875 0.086042253125 0.542966003125 0 0.50798125 0
0 0.9971343750000001 0.5370234734375 0.791246875 0.29900469531249996 0.671046875 0.14330985937500001 0.578221875 0.0001408453125 0.5570875 0.00044600937499999994 0.57465 0.055619718750000005 0.6758093749999999 0.23994835625 0.998325 0.787568075 0.9971343750000001 0.5370234734375
0 1 0.361030934375 0.8412312500000001 0.22384037499999998 0.6912812500000001 0.0878309859375 0.628515625 0.00044600937499999994 0.58655 0.003718309375 0.641296875 0.077093896875 0.7269812499999999 0.1844694828125 0.853134375 0.32226760625 0.9971343750000001 0.49407042187499994 1 0.3877306015625 1 0.361030934375
0 1 0.2570807796875 0.86384375 0.162718309375 0.762684375 0.08039436562499999 0.6912812500000001 0.01597183125 0.6805687500000001 0.0016525828124999999 0.6528155156250001 0.0049939625 0.701990625 0.062502346875 0.8329000000000001 0.17703755937500001 1 0.316039521875 1 0.2570807796875
0 1 0.196886671875 0.9995156250000001 0.1877746484375 0.8376625000000001 0.094713615625 0.719840625 0.0052347421875000005 0.702921875 0.0049201875 0.799578125 0.0839765265625 1 0.2311213890625 1 0.196886671875
0 1 0.031907098437499996 0.9995156250000001 0.0016525828124999999 0.7507843750000001 0.0070234734374999995 1 0.149112775 1 0.031907098437499996